[-0.04325614  0.03568561  0.1238684  -0.07091492 -0.10535211 -0.03568825
 -0.01554056  0.06158751  0.12710662  0.00774086  0.17175183  0.02324758
 -0.16423114  0.02939946 -0.04669467  0.10238555 -0.12206055 -0.10812327
 -0.16791068 -0.11807235 -0.02663852  0.04062021  0.01417696 -0.01135738
 -0.17854293 -0.25594157 -0.04354613 -0.13952471  0.07336909 -0.13897188
 -0.0172115  -0.00270265 -0.154797   -0.13355207  0.04310014  0.07367832
 -0.03475955 -0.11311236  0.24430898  0.06684432 -0.17955729  0.12285358
  0.14119333  0.33159989  0.21448684  0.06384289  0.03363722 -0.12363212
  0.14375751 -0.29045472  0.19041421  0.09693572  0.08185585  0.06456781
  0.15040597 -0.20806216  0.06730768  0.14476611 -0.17859088  0.15616906
  0.06240895  0.0680512   0.01045689 -0.04230828  0.19088265  0.0920779
 -0.07997358 -0.10617102  0.13844867 -0.10542457 -0.04371233  0.06336639
 -0.11088074 -0.10766647 -0.30978924  0.07939147  0.44533283  0.09179996
 -0.17795148  0.02631531 -0.09390698 -0.0830861   0.07846654  0.04952195
 -0.14871389 -0.06154845 -0.06364866  0.05444507  0.24168858  0.02369701
 -0.01241504  0.15125531  0.04787229 -0.0435986   0.03569646  0.07197928
 -0.2083182   0.02690217 -0.19618808 -0.04094068  0.11093375 -0.11888792
  0.00587927  0.15615651 -0.28050694  0.05812605  0.01377853 -0.10583182
  0.03445078  0.03704301 -0.12389497 -0.03288004  0.21961743 -0.20126745
  0.19850713  0.223469    0.07477418  0.06200953  0.17869623  0.00847775
  0.04835238  0.05220696 -0.16931263  0.00498256 -0.00780005 -0.02539856
  0.04207116  0.12090844]

