[-0.04419423  0.03076726 -0.00802297 -0.12273526 -0.11108396 -0.0251246
 -0.00763332 -0.04016383  0.17554675 -0.05296324  0.14682683  0.03581849
 -0.26362777  0.03977619 -0.01458122  0.05619696 -0.19411802 -0.10553571
 -0.14757837 -0.19451575 -0.08849544  0.01022898  0.02991425  0.01320647
 -0.12622645 -0.22516946 -0.16023037 -0.07883008  0.13676816 -0.05287967
  0.04660105 -0.01653684 -0.18662633 -0.09781151  0.03191173 -0.01112761
 -0.12592654 -0.11931764  0.26638237  0.10033797 -0.06120209 -0.01706174
  0.10202021  0.32575348  0.21413946  0.04765902  0.05014817 -0.09103675
  0.08719954 -0.27299219  0.13613206  0.13935962  0.17585765  0.05828482
  0.1243687  -0.10399252  0.05416563  0.15939397 -0.19875145  0.11889084
  0.07298301 -0.07905622 -0.10228033 -0.05036902  0.25311345  0.13495788
 -0.07470711 -0.14656892  0.25819111 -0.1719716  -0.11272319  0.0474086
 -0.05536524 -0.08112088 -0.34497207  0.04610828  0.40952343  0.11484439
 -0.05443847  0.06487108 -0.08322555 -0.08407691  0.01129099  0.05217418
 -0.24453516 -0.08724397 -0.02236518  0.09084533  0.21481669 -0.03799205
 -0.04980509  0.10404284  0.06564613 -0.04519258  0.06823345  0.03716867
 -0.10716575 -0.05968328 -0.12899356  0.01418005  0.11525671 -0.13929355
  0.04127183  0.11974032 -0.23098725  0.08908767  0.0220113  -0.20571275
  0.00838623 -0.04004931 -0.12573887 -0.04501518  0.20144564 -0.33024168
  0.16580135  0.20405419  0.02289099  0.09953199  0.04311576  0.0467064
 -0.00140651  0.01390115 -0.11480106 -0.09492407 -0.02144589  0.00206324
  0.03249643  0.08597112]

[-0.04419423  0.03076726 -0.00802297 -0.12273526 -0.11108396 -0.0251246
 -0.00763332 -0.04016383  0.17554675 -0.05296324  0.14682683  0.03581849
 -0.26362777  0.03977619 -0.01458122  0.05619696 -0.19411802 -0.10553571
 -0.14757837 -0.19451575 -0.08849544  0.01022898  0.02991425  0.01320647
 -0.12622645 -0.22516946 -0.16023037 -0.07883008  0.13676816 -0.05287967
  0.04660105 -0.01653684 -0.18662633 -0.09781151  0.03191173 -0.01112761
 -0.12592654 -0.11931764  0.26638237  0.10033797 -0.06120209 -0.01706174
  0.10202021  0.32575348  0.21413946  0.04765902  0.05014817 -0.09103675
  0.08719954 -0.27299219  0.13613206  0.13935962  0.17585765  0.05828482
  0.1243687  -0.10399252  0.05416563  0.15939397 -0.19875145  0.11889084
  0.07298301 -0.07905622 -0.10228033 -0.05036902  0.25311345  0.13495788
 -0.07470711 -0.14656892  0.25819111 -0.1719716  -0.11272319  0.0474086
 -0.05536524 -0.08112088 -0.34497207  0.04610828  0.40952343  0.11484439
 -0.05443847  0.06487108 -0.08322555 -0.08407691  0.01129099  0.05217418
 -0.24453516 -0.08724397 -0.02236518  0.09084533  0.21481669 -0.03799205
 -0.04980509  0.10404284  0.06564613 -0.04519258  0.06823345  0.03716867
 -0.10716575 -0.05968328 -0.12899356  0.01418005  0.11525671 -0.13929355
  0.04127183  0.11974032 -0.23098725  0.08908767  0.0220113  -0.20571275
  0.00838623 -0.04004931 -0.12573887 -0.04501518  0.20144564 -0.33024168
  0.16580135  0.20405419  0.02289099  0.09953199  0.04311576  0.0467064
 -0.00140651  0.01390115 -0.11480106 -0.09492407 -0.02144589  0.00206324
  0.03249643  0.08597112]

[-0.04419423  0.03076726 -0.00802297 -0.12273526 -0.11108396 -0.0251246
 -0.00763332 -0.04016383  0.17554675 -0.05296324  0.14682683  0.03581849
 -0.26362777  0.03977619 -0.01458122  0.05619696 -0.19411802 -0.10553571
 -0.14757837 -0.19451575 -0.08849544  0.01022898  0.02991425  0.01320647
 -0.12622645 -0.22516946 -0.16023037 -0.07883008  0.13676816 -0.05287967
  0.04660105 -0.01653684 -0.18662633 -0.09781151  0.03191173 -0.01112761
 -0.12592654 -0.11931764  0.26638237  0.10033797 -0.06120209 -0.01706174
  0.10202021  0.32575348  0.21413946  0.04765902  0.05014817 -0.09103675
  0.08719954 -0.27299219  0.13613206  0.13935962  0.17585765  0.05828482
  0.1243687  -0.10399252  0.05416563  0.15939397 -0.19875145  0.11889084
  0.07298301 -0.07905622 -0.10228033 -0.05036902  0.25311345  0.13495788
 -0.07470711 -0.14656892  0.25819111 -0.1719716  -0.11272319  0.0474086
 -0.05536524 -0.08112088 -0.34497207  0.04610828  0.40952343  0.11484439
 -0.05443847  0.06487108 -0.08322555 -0.08407691  0.01129099  0.05217418
 -0.24453516 -0.08724397 -0.02236518  0.09084533  0.21481669 -0.03799205
 -0.04980509  0.10404284  0.06564613 -0.04519258  0.06823345  0.03716867
 -0.10716575 -0.05968328 -0.12899356  0.01418005  0.11525671 -0.13929355
  0.04127183  0.11974032 -0.23098725  0.08908767  0.0220113  -0.20571275
  0.00838623 -0.04004931 -0.12573887 -0.04501518  0.20144564 -0.33024168
  0.16580135  0.20405419  0.02289099  0.09953199  0.04311576  0.0467064
 -0.00140651  0.01390115 -0.11480106 -0.09492407 -0.02144589  0.00206324
  0.03249643  0.08597112]

[-0.04419423  0.03076726 -0.00802297 -0.12273526 -0.11108396 -0.0251246
 -0.00763332 -0.04016383  0.17554675 -0.05296324  0.14682683  0.03581849
 -0.26362777  0.03977619 -0.01458122  0.05619696 -0.19411802 -0.10553571
 -0.14757837 -0.19451575 -0.08849544  0.01022898  0.02991425  0.01320647
 -0.12622645 -0.22516946 -0.16023037 -0.07883008  0.13676816 -0.05287967
  0.04660105 -0.01653684 -0.18662633 -0.09781151  0.03191173 -0.01112761
 -0.12592654 -0.11931764  0.26638237  0.10033797 -0.06120209 -0.01706174
  0.10202021  0.32575348  0.21413946  0.04765902  0.05014817 -0.09103675
  0.08719954 -0.27299219  0.13613206  0.13935962  0.17585765  0.05828482
  0.1243687  -0.10399252  0.05416563  0.15939397 -0.19875145  0.11889084
  0.07298301 -0.07905622 -0.10228033 -0.05036902  0.25311345  0.13495788
 -0.07470711 -0.14656892  0.25819111 -0.1719716  -0.11272319  0.0474086
 -0.05536524 -0.08112088 -0.34497207  0.04610828  0.40952343  0.11484439
 -0.05443847  0.06487108 -0.08322555 -0.08407691  0.01129099  0.05217418
 -0.24453516 -0.08724397 -0.02236518  0.09084533  0.21481669 -0.03799205
 -0.04980509  0.10404284  0.06564613 -0.04519258  0.06823345  0.03716867
 -0.10716575 -0.05968328 -0.12899356  0.01418005  0.11525671 -0.13929355
  0.04127183  0.11974032 -0.23098725  0.08908767  0.0220113  -0.20571275
  0.00838623 -0.04004931 -0.12573887 -0.04501518  0.20144564 -0.33024168
  0.16580135  0.20405419  0.02289099  0.09953199  0.04311576  0.0467064
 -0.00140651  0.01390115 -0.11480106 -0.09492407 -0.02144589  0.00206324
  0.03249643  0.08597112]

[-0.04419423  0.03076726 -0.00802297 -0.12273526 -0.11108396 -0.0251246
 -0.00763332 -0.04016383  0.17554675 -0.05296324  0.14682683  0.03581849
 -0.26362777  0.03977619 -0.01458122  0.05619696 -0.19411802 -0.10553571
 -0.14757837 -0.19451575 -0.08849544  0.01022898  0.02991425  0.01320647
 -0.12622645 -0.22516946 -0.16023037 -0.07883008  0.13676816 -0.05287967
  0.04660105 -0.01653684 -0.18662633 -0.09781151  0.03191173 -0.01112761
 -0.12592654 -0.11931764  0.26638237  0.10033797 -0.06120209 -0.01706174
  0.10202021  0.32575348  0.21413946  0.04765902  0.05014817 -0.09103675
  0.08719954 -0.27299219  0.13613206  0.13935962  0.17585765  0.05828482
  0.1243687  -0.10399252  0.05416563  0.15939397 -0.19875145  0.11889084
  0.07298301 -0.07905622 -0.10228033 -0.05036902  0.25311345  0.13495788
 -0.07470711 -0.14656892  0.25819111 -0.1719716  -0.11272319  0.0474086
 -0.05536524 -0.08112088 -0.34497207  0.04610828  0.40952343  0.11484439
 -0.05443847  0.06487108 -0.08322555 -0.08407691  0.01129099  0.05217418
 -0.24453516 -0.08724397 -0.02236518  0.09084533  0.21481669 -0.03799205
 -0.04980509  0.10404284  0.06564613 -0.04519258  0.06823345  0.03716867
 -0.10716575 -0.05968328 -0.12899356  0.01418005  0.11525671 -0.13929355
  0.04127183  0.11974032 -0.23098725  0.08908767  0.0220113  -0.20571275
  0.00838623 -0.04004931 -0.12573887 -0.04501518  0.20144564 -0.33024168
  0.16580135  0.20405419  0.02289099  0.09953199  0.04311576  0.0467064
 -0.00140651  0.01390115 -0.11480106 -0.09492407 -0.02144589  0.00206324
  0.03249643  0.08597112]

