[-0.05086644  0.03538689  0.00387944 -0.12887502 -0.09344709 -0.02475289
 -0.00961519 -0.03929528  0.19226754 -0.04784269  0.14855169  0.04526708
 -0.25325871  0.02045041 -0.01870117  0.06496543 -0.18769102 -0.10804966
 -0.13802828 -0.20294547 -0.09127764  0.01401198  0.03886707  0.01752368
 -0.13689257 -0.21594621 -0.16261177 -0.09320198  0.15169747 -0.05668601
  0.03877953 -0.0042961  -0.19706927 -0.10626245  0.01245869 -0.00159902
 -0.12541488 -0.11641686  0.26644823  0.10244921 -0.06035151 -0.01698362
  0.09775775  0.31958979  0.21278118  0.04150099  0.06816    -0.08573025
  0.09519969 -0.2581524   0.14042166  0.13398613  0.18917693  0.06977323
  0.12512484 -0.09764692  0.0607147   0.169285   -0.19401556  0.13994563
  0.06444798 -0.08169919 -0.09388514 -0.0327434   0.24397486  0.1162053
 -0.0579601  -0.15475106  0.2728523  -0.16607039 -0.11573726  0.0839322
 -0.0541936  -0.07902119 -0.35015094  0.05536972  0.40469226  0.11619947
 -0.04774117  0.07834379 -0.08701859 -0.09919289  0.00355299  0.06025811
 -0.23181583 -0.0880263  -0.02919162  0.076497    0.22879241 -0.03156563
 -0.04794744  0.10852889  0.07566295 -0.03632136  0.05045842  0.04167568
 -0.10440747 -0.04938761 -0.10940486  0.005976    0.11689662 -0.12941667
  0.02629107  0.11206968 -0.23029429  0.0976024   0.02336361 -0.19426508
  0.00440975 -0.0300855  -0.11179252 -0.0471453   0.20283239 -0.33183876
  0.16214982  0.21237336  0.01918212  0.0918077   0.04024076  0.05517367
  0.00517801  0.00308724 -0.11556695 -0.09791844 -0.01002071 -0.01191307
  0.02657892  0.09919634]

